C01 -0.25512800 -1.12949600 0.30679900 -0.66512800 -1.17949600 0.41679900 -0.05012800 -1.10449600 0.25179900 -0.87012800 -1.20449600 0.47179900
C02 -1.17808400 -0.66817100 -0.75834400 -1.17808400 -0.73817100 -0.72834400 -1.17808400 -0.63317100 -0.77334400 -1.17808400 -0.77317100 -0.71334400
H03 -1.59551000 -1.31047200 -1.52883700 -1.51551000 -1.35047200 -1.55883700 -1.63551000 -1.29047200 -1.51383700 -1.47551000 -1.37047200 -1.57383700
C04 -1.17800900 0.66849400 -0.75814000 -1.17800900 0.73849400 -0.72814000 -1.17800900 0.63349400 -0.77314000 -1.17800900 0.77349400 -0.71314000
H05 -1.59542800 1.31109400 -1.52841300 -1.51542800 1.35109400 -1.55841300 -1.63542800 1.29109400 -1.51341300 -1.47542800 1.37109400 -1.57341300
C06 -0.25501500 1.12938000 0.30710600 -0.66501500 1.17938000 0.41710600 -0.05001500 1.10438000 0.25210600 -0.87001500 1.20438000 0.47210600
C07 1.39838000 -0.74136700 -0.26971200 1.82838000 -0.64136700 -0.39971200 1.18338000 -0.79136700 -0.20471200 2.04338000 -0.59136700 -0.46471200
H08 1.55409500 -1.23653200 -1.25136100 1.53409500 -1.24653200 -1.28136100 1.56409500 -1.23153200 -1.23636100 1.52409500 -1.25153200 -1.29636100
C09 1.39840900 0.74142500 -0.26951100 1.82840900 0.64142500 -0.39951100 1.18340900 0.79142500 -0.20451100 2.04340900 0.59142500 -0.46451100
H10 2.11108300 1.21407700 0.47067700 1.99108300 1.26407700 0.52067700 2.17108300 1.18907700 0.44567700 1.93108300 1.28907700 0.54567700
H11 2.11102900 -1.21427200 0.47033200 1.99102900 -1.26427200 0.52033200 2.17102900 -1.18927200 0.44533200 1.93102900 -1.28927200 0.54533200
H12 1.55408700 1.23685700 -1.25100300 1.53408700 1.24685700 -1.28100300 1.56408700 1.23185700 -1.23600300 1.52408700 1.25185700 -1.29600300
H13 -0.33746500 -2.17312900 0.65430600 -0.44746500 -2.21312900 0.68430600 -0.28246500 -2.15312900 0.63930600 -0.50246500 -2.23312900 0.69930600
H14 -0.33743300 2.17292000 0.65496400 -0.44743300 2.21292000 0.68496400 -0.28243300 2.15292000 0.63996400 -0.50243300 2.23292000 0.69996400
C15 -0.35811600 -0.00024000 1.33470600 -0.37811600 -0.00024000 1.31470600 -0.34811600 -0.00024000 1.34470600 -0.38811600 -0.00024000 1.30470600
H16 0.44958800 -0.00038700 2.07793700 0.53958800 -0.00038700 1.90793700 0.40458800 -0.00038700 2.16293700 0.58458800 -0.00038700 1.82293700
H17 -1.34367800 -0.00031100 1.83897400 -1.22367800 -0.00031100 2.03897400 -1.40367800 -0.00031100 1.73897400 -1.16367800 -0.00031100 2.13897400
