 C01 2.21202600 1.26780500 0.17439600 2.21202600 1.27780500 0.18439600
 C02 1.04154200 0.38110900 -0.24422600 0.93154200 0.53110900 -0.22422600
 C03 -0.15502300 0.59181500 0.60360900 -0.13502300 0.62181500 0.57360900
 H04 -0.35373200 1.76457400 0.24836800 -0.38373200 2.60457400 -0.13163200
 O05 -0.54830800 3.09236600 -0.21682300 -0.52830800 2.95236600 -0.15682300
 C06 -1.58140300 3.59717100 0.53148800 -1.60140300 3.58717100 0.55148800
 C07 -1.38104700 -0.19298600 0.21187700 -1.37104700 -0.15298600 0.20187700
 C08 -1.65436400 -1.45706900 0.74565500 -1.65436400 -1.43706900 0.74565500
 C09 -2.80540700 -2.15336000 0.38829400 -2.79540700 -2.14336000 0.38829400
 C10 -3.70985100 -1.59761200 -0.51235800 -3.70985100 -1.59761200 -0.51235800
 C11 -3.45364300 -0.33759500 -1.04723500 -3.46364300 -0.34759500 -1.04723500
 C12 -2.30394900 0.35816300 -0.68559900 -2.31394900 0.34816300 -0.69559900
 C13 0.10863900 0.57938600 2.10799300 0.10863900 0.60938600 2.07799300
 C14 0.76108400 0.40930200 -1.73156700 0.75108400 0.40930200 -1.74156700
 Br15 1.83372800 -1.67135600 0.05937600 1.84372800 -1.69135600 0.05937600
 C16 3.42708300 1.26977100 -0.74832500 3.42708300 1.25977100 -0.74832500
 H17 1.77708700 2.27630300 0.22393600 1.90708700 2.33630300 0.29393600
 H18 2.51996500 0.99044100 1.18339400 2.51996500 0.94044100 1.17339400
 H19 -1.29801900 4.48486000 1.13465000 -1.22801900 4.47486000 1.07465000
 H20 -2.45387800 3.91523200 -0.07863300 -2.37387800 3.89523200 -0.14863300
 H21 -1.98861200 2.85930400 1.26168900 -2.00861200 2.88930400 1.26168900
 H22 -0.94535500 -1.90138000 1.43546400 -0.92535500 -1.88138000 1.41546400
 H23 -2.99377800 -3.13541800 0.80965500 -2.97377800 -3.12541800 0.80965500
 H24 -4.60718900 -2.13967500 -0.79135400 -4.60718900 -2.14967500 -0.79135400
 H25 -4.15739000 0.10996000 -1.74134200 -4.16739000 0.09996000 -1.75134200
 H26 -2.09932300 1.35086400 -1.07831200 -2.13932300 1.32086400 -1.13831200
 H27 0.68271900 1.45860700 2.41074400 0.68271900 1.47860700 2.44074400
 H28 -0.83941000 0.61013000 2.64949500 -0.83941000 0.61013000 2.63949500
 H29 0.65996700 -0.31629200 2.42358200 0.67996700 -0.29629200 2.38358200
 H30 1.65515900 0.18514600 -2.31141000 1.67515900 0.12514600 -2.25141000
 H31 -0.01758500 -0.30363100 -1.99853900 -0.01758500 -0.31363100 -1.98853900
 H32 0.40902400 1.42397600 -1.96037000 0.43902400 1.40397600 -2.12037000
 H33 3.19595900 1.72205700 -1.71484700 3.19595900 1.72205700 -1.71484700
 H34 4.23329500 1.85394800 -0.29740200 4.23329500 1.84394800 -0.29740200
 H35 3.79295600 0.25410900 -0.91635600 3.77295600 0.24410900 -0.91635600